uid
7055333
5461889
9483369
1049684
3291024
234220
2153582
10029110
6715767
6797902
6405515
1894100
6434057
3254572
2528507
9573218
10763875
12817851
13776803
14119013
11949116
2905173
3643186
3743428
6921416
11484296
674205
1486023
4806967
5464847
5723514
2127004
6435591
6366365
2042605
6775296
812182
1090871
2795058
13235664
6290669
8453733
10765260
7240825
7563788
8224620
7764367
1347595
1756453
3169188
14234414
2601591
435022
14642551
8570532
530310
1705255
6745282
6041128
1491319
1988561
7130974
12369925
4712153
1503933
14840926
13574986
4675307
4739299
14393229
9768879
8556610
4991585
5197720
6924421
4499903
8286987
4278450
6256423
3463288
6140440
431636
13990830
14913765
1785000
7043334
7151377
9353376
7570249
10530976
1628082
13380523
8744556
3821864
2268840
3451636
1415735
10462565
6196825
3580649
3021083
5385884
7719922
11426836
11051510
1922077
480705
7961254
5744799
6261280
4004017
7560418
11664206
7429456
4511447
2548936
2549025
3563647
1586850
1398437
585911
3838621
10463294
1346278
14611028
8167458
157540
470384
7705314
2858970
8958540
10887260
11179290
6983368
4877010
4064567
8742371
6884711
3086453
1237882
4074943
4772935
3021462
8552384
6220427
5016885
9363748
154252
4915070
4032065
9563006
7563847
12747105
12683513
4027374
9483463
1514560
352949
9630896
2986853
6502661
12128739
12188803
356993
11253140
12370921
12053492
1732824
4073899
7170523
14944461
546065
4705511
3885031
6084582
10475030
816189
4307449
4832958
637689
7708693
1279325
9534035
1237046
13861859
13861894
1363898
520400
2217001
2862252
3847458
4593866
5813716
10265786
1666615
2465032
6946324
10333530
11043124
488790
1312336
143703
6174522
669097
4344910
312639
2593232
9485128
2703549
614740
14174748
14208923
9507428
10765290
218325
1234349
6425574
7011567
12906850
2570392
7098591
14190754
5700859
2609004
974007
1484473
7254881
12207116
8450415
4411510
8831368
10699119
9233518
2824618
7919931
4595364
8373825
8327792
12828618
12409644
13057602
8661581
1533390
1578640
1162389
12816882
12843545
14434680
1050763
744503
1369612
10843247
12444916
376524
1312124
1818653
1227902
4951159
7646735
854295
1272409
6819564
5822007
9554592
6789348
5452396
8970209
3774420
6628912
4525032
7553244
14109501
673199
3082976
10015517
8197317
14016111
11128094
11756553
11310124
9410026
14140119
13818257
9233085
14247002
9532224
14313182
14216399
13772593
11998651
14016274
5743406
10692837
3133989
1961687
4297199
3495077
14397164
14175605
8373080
811232
7460345
7233212
922228
5912458
13239558
9078179
8939254
928324
4025835
4966682
4568468
3587061
3196840
13294061
13303856
4469155
5304535
7248074
444442
8533407
178848
1191797
4888519
5125900
8801995
6836531
4961382
420006
8109882
9984643
14054758
3406564
6920275
1787830
14676627
7891196
13667525
6197079
7867774
14604925
1364770
6486966
7403940
3843070
363954
4917413
6833956
6834174
7849619
7849620
7849706
6757493
6867474
13095193
2653610
9500422
8761143
1783381
769599
4097063
3226024
3980389
13896034
5578438
8291168
2498185
13118143
952296
9054399
12848023
13361363
14044992
7188539
7746692
1982133
5441735
5451095
4551072
14077341
14852762
12776749
3449263
969233
2358498
14711657
6356306
9230504
5427161
4083196
5194859
2080635
14518079
6359392
14316712
15023606
4632601
13236834
13236836
13236851
9560883
3160092
9264255
14406886
13957775
4955567
14100885
7995536
5288048
6424496
7212450
793690
7867586
1776838
4341582
5070977
11949846
8711430
1840963
6334151
281157
10807004
5063291
4945425
2426045
5692527
11788228
618720
9895418
10841781
13395424
14307815
6936911
5513257
6634986
6185928
309467
2285686
9185837
13953780
3847541
9479259
9290884
4852453
13818775
5333458
9836497
5020276
2869312
9888539
11702437
11702436
5459645
9993250
9545589
332654
334289
8390003
7678919
6889334
5783941
9779578
12918658
14146514
4727132
172204
4374476
1598362
11959418
5834276
12015444
9732488
1331286
14719095
8564974
4039926
3833864
921553
2970456
7328567
4710422
2537136
5636008
4648555
1674401
1440159
2214538
201790
3733750
6519316
2252265
8348869
1551931
4938254
5490591
3636523
8629490
3454992
9972096
12565441
3808670
4847780
10370981
3732130
5118051
14212611
3062120
7658485
4807940
455189
12844061
8842238
3414627
8240170
8434438
6035378
7180532
3848850
8618926
3201494
2893034
9039362
2401521
9614924
5273438
476551
5966964
1651223
6669435
5534228
4991874
1092097
12583809
7834879
2263759
9711249
12001313
3828306
2945436
3366967
12779170
4743481
5522862
9624478
8361679
8489488
9023156
4653867
271735
5523495
7962087
13616556
13022565
3019096
8659332
366732
9266600
6615331
6032311
8446067
7707137
7804103
12553749
204099
2412992
5315162
6853031
10233249
1096144
2157880
1745969
8405905
12891422
4857662
2115893
6628750
7519532
6781991
4263960
11616215
10157358
2821069
3952273
9498771
3798844
8257556
7325955
1647400
8502555
1640069
14319247
2174911
5206897
1103285
3544624
13903982
5864559
7762069
4850467
11091664
14002685
4263755
2423053
7651858
2891173
5792896
13888521
4997468
6930591
4833112
8054676
7519864
960902
9345966
503912
12923935
1194580
5011642
3361915
8780609
8452539
6414793
12207895
751305
3880414
6574789
3291913
10910921
7677673
4523137
6581574
4798131
1278001
7527339
9269256
7360127
4557335
3572223
5946889
8409374
5171257
6058364
7067835
3774915
5850892
10728868
8438787
10906658
458141
2159277
8952652
7010243
1107077
8287927
3673422
1062288
2873306
5644451
2441172
7251643
7959050
9689782
3072973
2081874
2149048
4216833
11372972
7911369
4942547
1517652
3205702
12696335
2091468
3009538
1047406
2967410
13952041
600517
2013243
8443678
7005293
11133125
7511287
10347625
5112072
2508408
8066727
532025
1578221
6306268
2036084
3029030
8794045
659987
1041563
984328
302341
11630399
12700390
8794209
5170398
3777523
1928546
3679637
10841399
7268771
7432871
5531511
7040045
7256066
2654393
4468825
8011264
1458586
4463291
2674372
5356480
2249826
6173891
4638726
3009503
4832436
394998
5644850
14085332
7227897
2432967
573888
1771643
6577386
3883256
1047356
2130493
1257628
4069462
3597667
1015968
1843752
10553689
619690
1974323
14832644
8130227
5790642
5642903
551483
12268666
2466802
12864606
14279537
6711756
11256779
7652644
14961839
10047623
8158392
8544880
3536726
10038293
7341226
4546263
11013640
13323758
14987666
1301949
9258755
6412163
14979276
10588307
11845190
11099608
10961381
5984541
338224
1667683
10805232
12848709
132611
374589
939376
7314997
662705
14340131
5767195
1118104
5430749
6786547
2278229
13889523
13889556
4300608
3727983
2458085
2702397
4568979
10342935
13674660
2396591
5534869
6053206
4421200
5694067
2221622
751064
892705
2448026
8799390
7210351
6203110
4421307
7671124
12715209
273194
8609502
8661079
13358782
5374431
5376543
5714117
5479602
2768330
1889484
11917088
8023608
4283944
4283888
1646003
4859684
5792258
5980103
4721254
5850529
6380386
6195008
395566
1973820
8240936
5956728
284928
1851364
12929496
932108
10751571
3879669
4094376
6379519
8872239
6888829
8749534
1802747
13839356
14572074
6162105
1284709
14671284
14787193
14481471
14502076
5816800
5490690
4579189
1765413
627829
1422939
1312500
3083246
7832956
5924223
8272317
12271194
6154884
1157865
1312421
1777081
12177141
5803671
7499072
2399921
606842
209128
1992483
4879740
5498976
9234901
3682988
942571
1456813
4148892
1125108
12108723
4921715
7774879
11119068
7445274
14019219
5978983
5972494
4524920
5891195
11924196
1925203
5775531
2327298
10799056
2998146
8314905
10893614
1434044
4324231
1183171
13776781
9227754
518553
8018444
14212954
436588
7478512
4863285
5238545
5463485
14771581
8028729
8782985
8458676
9811185
3985499
3306163
6250992
1281425
7257039
2413437
1847519
13698263
6947085
2408209
2570220
7709764
1606198
4985563
6011285
6204828
6726283
5595162
2300329
7028187
11242523
10905380
2284659
12628184
4814052
2780868
14969885
14731661
11046439
8107273
9129221
357779
2620399
4602990
11757886
6105293
904568
14379777
9103243
6547642
11096655
1858644
7295792
2217123
9382169
7521024
7509571
2815812
125719
8093055
8889193
4970854
12913767
13078177
449527
5351909
13420743
1144390
5404685
11782607
2730860
5991545
6136665
3204359
6948474
11694122
8560634
729579
215694
4488680
9602682
9230664
12914915
461118
