7055333
5461889
9483369
1049684
3291024
234220
2153582
10029110
6715767
6797902
6405515
1894100
6434057
3254572
2528507
9573218
10763875
12817851
13776803
14119013
11949116
2905173
3643186
3743428
6921416
11484296
674205
1486023
4806967
5464847
5723514
2127004
6435591
6366365
2042605
6775296
812182
1090871
2795058
13235664
6290669
8453733
10765260
7240825
7563788
8224620
7764367
1347595
1756453
3169188
14234414
2601591
435022
14642551
8570532
530310
1705255
6745282
6041128
1491319
1988561
7130974
12369925
4712153
1503933
14840926
13574986
4675307
4739299
14393229
9768879
8556610
4991585
5197720
6924421
4499903
8286987
4278450
6256423
3463288
6140440
431636
13990830
14913765
1785000
7043334
7151377
9353376
7570249
10530976
1628082
13380523
8744556
3821864
2268840
3451636
1415735
10462565
6196825
